1276
1323
1409
1450
1530
1539
1502
1408
1396
1406
1478
1457
1410
1481
1493
1524
1475
1458
1461
1478
1533
1561
1635
1634
1622
1607
1608
1658
1681
1613
1669
1702
1757
1843
1899
1838
1826
1930
1976
1939
1921
1910
1894
1958
2020
2072
2010
2036
2020
2013
2102
2184
2186
2156
2171
2159
2241
2251
2276
2316
2355
2373
2419
2426
2426
2488
2595
2695
2675
2648
2658
2655
2687
2777
2740
2696
2777
2873
2880
2930
3010
3055
3135
3157
3145
3148
3196
3297
3330
3358
3396
3468
3459
3512
3605
3644
3665
3684
3689
3733
3833
3871
3923
3940
3965
4020
4111
4160
4188
4262
4319
4314
4302
4386
4460
4497
4500
4536
4591
4583
4640
4727
4761
4780
4828
4891
4923
4919
4936
4962
4974
5042
5064
5074
5129
5155
5148
5144
5184
5260
5304
5316
5341
5347
5342
5344
5377
5380
5386
5432
5431
5440
5474
5532
5517
5512
5491
5516
5562
5640
5655
5688
5685
5682
5718
5731
5765
5777
5819
5844
5846
5858
5880
5934
5924
5941
5960
6008
5987
5999
6015
6018
6034
6056
6095
6085
6079
6099
6093
6056
6041
6016
6011
6007
5996
5962
5944
5896
5891
5867
5870
5833
5820
5792
5736
5648
5604
5583
5532
5495
5440
5386
5296
5228
5133
5042
4888
4763
4702
4636
4464
4306
4206
4151
3984
3859
3761
3658
3548
3459
3402
3402
3367
3300
3181
3105
3092
3113
3083
3086
3121
3116
3103
3072
3052
3075
3135
3162
3211
3263
3277
3341
3414
3523
3602
3672
3745
3797
3857
3972
4110
4170
4248
4333
4494
4563
4628
4644
4658
4673
4694
4747
4776
4793
4821
4799
4772
4768
4726
4714
4685
4645
4600
4569
4510
4447
4408
4351
4285
4184
4103
4060
3942
3742
3607
3479
3348
3229
3147
3029
2928
2703
2588
2514
2412
2266
2187
2196
2089
1988
1906
1855
1818
1712
1654
1626
1554
1478
1436
1387
1371
1377
1319
1335
1450
1469
1372
1323
1333
1331
1220
1223
1288
1269
1256
1253
1169
1129
1222
1241
1170
1157
1193
1184
1148
1078
1022
1033
1099
1024
905
971
960
899
936
